cleanning
HPC_output
2703822563
99129236
994179804
12985770
34626854
19558643
4324538793
116976873
0
0
38843113
588526
4922535
581464
18138461
356398
cleanning
HPC_output
1286321502
50415860
465030769
4243895
17953983
9607825
1719296261
39858847
0
0
17517948
273722
2131844
553367
10317752
508644
cleanning
HPC_output
924700711
29084573
403016390
3342959
9884379
5143990
1605267396
30054245
0
0
11374353
201332
1284358
341493
3201689
135758
cleanning
HPC_output
786640388
21878740
319257615
2461805
5869228
2896693
1105275992
15146383
0
0
6919679
126588
847850
258156
2345289
65269
cleanning
HPC_output
1340069686
50676155
511653872
4687387
19107982
12419564
2096767268
30174135
0
0
26005688
444065
1670482
540800
8015840
270696
cleanning
HPC_output
308245229
8372470
132214550
703703
1723337
776976
486527927
10022383
0
0
2822589
98594
475577
242657
684597
75678
cleanning
HPC_output
537942618
8477562
242484304
1018381
3159983
1487699
908644719
10535982
0
0
4343572
132932
585349
220893
399685
10757
cleanning
HPC_output
653948285
9694632
281635106
1442337
3459997
1617475
995539017
12423455
0
0
4454999
147434
694812
245513
565679
64624
cleanning
HPC_output
581737113
11263513
252355816
1585285
3861305
1833498
916533613
12512399
0
0
4922919
138619
724699
227580
867066
48916
cleanning
HPC_output
99663363
1050027
61116113
275558
437260
197569
155909666
5431233
0
0
393808
48341
35236
9359
53692
41404
cleanning
HPC_output
658893326
12249428
295632746
1375640
2996333
1532297
1006063427
12728500
0
0
4579830
123279
911868
271558
532625
80951
cleanning
HPC_output
587912008
9921997
264360481
1191049
3189438
1439686
956749988
13399724
0
0
4731101
117626
586069
225792
556188
33357
cleanning
HPC_output
500787165
9499455
233127041
1153340
2766520
1508531
924030622
11492085
0
0
4643525
123332
678053
233354
262591
11260
cleanning
HPC_output
618270149
9563712
271400344
1291272
3028535
1495810
999334605
13201745
0
0
4910606
117870
787296
214927
479620
66757
cleanning
HPC_output
572006726
11334583
266921976
1299168
2902068
1374868
1016003910
12818330
0
0
4377583
119937
595251
249777
513952
77751
cleanning
HPC_output
586485158
10674730
274303571
1453736
3018641
1664531
1050129465
13543977
0
0
5003876
141804
523682
229743
453433
51743
cleanning
HPC_output
555470898
10708044
242070459
1133673
3556027
1667892
961867183
14237872
0
0
4569430
171660
572150
334449
549654
25817
cleanning
HPC_output
627703844
9566522
281907929
1293447
2851181
1308201
959616823
12589923
0
0
5118279
145437
741673
212566
506677
71016
cleanning
HPC_output
597404583
9592799
274949202
1028798
3043222
1325493
940603944
13030048
0
0
4890176
153062
769937
226083
522021
36031
cleanning
HPC_output
599586655
9752984
269530915
1077462
3240725
1340042
940046817
12511719
0
0
4606633
104095
554965
224331
504591
44419
cleanning
HPC_output
609633334
9586734
288786629
1113192
3496819
1662548
993007268
12185387
0
0
4819129
119430
947963
253782
558116
61836
cleanning
HPC_output
623110123
9647299
279072969
1297243
3426283
1598817
993611913
11937724
0
0
4376688
144364
579267
209518
497948
60487
cleanning
HPC_output
576866838
10496036
280709681
1160183
3002560
1484830
1014841275
12936336
0
0
4730790
119377
741953
238292
499058
56870
cleanning
HPC_output
578104990
10082330
259926892
1431554
3163598
1345904
1019015983
12020293
0
0
4552589
107357
567009
209163
442431
37262
cleanning
HPC_output
654890356
11477444
295782760
1370886
3404382
1664698
986690874
12818478
0
0
5597843
145574
883921
237839
1074942
52599
cleanning
HPC_output
599925270
9983880
262752124
1436191
3589180
1409712
1012561087
12393106
0
0
4244395
108560
564956
252884
453266
38669
cleanning
HPC_output
144060651
3096171
72581766
415314
866525
590092
265484061
2157391
0
0
1285202
22980
114242
40218
109138
2988
cleanning
HPC_output
562866089
10708095
252834519
1334017
3018640
1441227
1054354913
14982913
0
0
4292938
101409
575170
200608
447917
54331
cleanning
HPC_output
490422753
9510361
225901821
1090739
2789642
1407928
878865594
15584712
0
0
4810406
163405
550839
240024
499989
23456
cleanning
HPC_output
655510343
9275838
291731012
1374303
3295997
1528962
982252223
13027344
0
0
4427915
126755
650053
237476
519454
71275
cleanning
HPC_output
619873981
12610812
271058631
1252640
4185705
2155198
1030447345
14217844
0
0
6083857
185809
688491
273115
1150153
24108
cleanning
HPC_output
503324252
9616412
236899754
982278
2785665
1406772
927598212
13632671
0
0
4822408
132808
828922
257496
359628
18967
cleanning
HPC_output
610284801
9983889
275063723
1346334
2756644
1313105
969611189
14878603
0
0
4775262
142901
517556
209216
557213
60167
cleanning
HPC_output
601710792
10721535
274470111
1219658
3382665
1442660
963685619
16379353
0
0
4512439
113070
588645
224157
498978
64501
cleanning
HPC_output
638678512
9345378
287261238
1468268
3042229
1623911
978919122
13195391
0
0
4544903
112328
926606
244425
586977
69909
cleanning
HPC_output
635752631
9784676
279497955
1487463
3062702
1674534
984832098
12591160
0
0
4400229
115126
633119
199033
492061
69199
cleanning
HPC_output
527681776
9827458
233771135
1251210
3268547
1468949
869318285
12632154
0
0
3938564
89372
481791
227080
329948
20864
cleanning
HPC_output
518928624
9480945
240281623
1095916
2686194
1267178
922983607
12448801
0
0
4465963
121005
491891
196053
302908
13500
cleanning
HPC_output
537027509
10813255
239469084
1334565
3206366
1380146
919909284
13100104
0
0
4577460
150847
567704
238208
374523
22348
cleanning
HPC_output
525934118
9344529
238161667
1189748
3002410
1378089
885806529
12275308
0
0
4243447
113043
507001
234226
317419
12217
cleanning
HPC_output
537680743
9612456
233053946
1245939
3382210
1352371
900749060
11379079
0
0
4114153
112460
530333
214779
283407
8460
cleanning
HPC_output
523852913
9346960
235771282
1429039
3045167
1347156
876721177
11984004
0
0
4388807
115349
553420
216388
340706
13966
cleanning
HPC_output
566442064
11126371
249034458
1468961
3479436
1447348
931182119
14072083
0
0
4402224
126577
696302
328654
400709
18351
cleanning
HPC_output
515093840
9967112
227977564
1114153
2732439
1373850
882032247
10426388
0
0
4134121
111253
475790
233833
314321
24093
cleanning
HPC_output
632897626
9344599
288827556
1409080
2852857
1576875
948571984
11211028
0
0
4749024
118651
869905
230260
472852
15267
cleanning
HPC_output
605144375
10113956
288292587
1122696
3210590
1658542
996483785
13547347
0
0
4836299
117083
795511
217926
553850
64908
cleanning
HPC_output
625618826
9480340
288298961
1142905
3240796
1706319
995110639
13860851
0
0
4531905
121699
860686
257139
435898
51347
cleanning
HPC_output
607769515
9521401
272969940
1335792
2870522
1518732
969653762
14627386
0
0
4671645
128058
805449
237980
464418
29464
cleanning
HPC_output
74028386
929822
41973964
209588
347230
78680
162199222
4637665
0
0
176728
18580
26126
15710
251477
80503
cleanning
HPC_output
510338781
9333126
242519174
977597
2726398
1387664
915202935
12525393
0
0
4783837
119188
782844
238966
350579
15109
cleanning
HPC_output
522855363
9319844
248673753
1014260
2974504
1356247
875711883
13778823
0
0
4872922
141073
538052
211491
332643
15275
cleanning
HPC_output
544168888
10472721
253493222
1362836
2821803
1422070
874493083
12337457
0
0
4598785
121569
518121
231289
452543
49295
cleanning
HPC_output
525971220
8641704
245081973
978124
2803950
1388206
910423835
12814275
0
0
4698766
149571
511837
191347
361424
31187
cleanning
HPC_output
637575224
9631393
300983881
1511381
3485715
1606886
1025790041
16050670
0
0
4887759
150177
516670
220326
519978
65978
cleanning
HPC_output
509832166
9323300
231675505
942063
2728688
1326256
873283852
10068927
0
0
4634647
129385
699325
224184
308640
14601
cleanning
HPC_output
572693229
9343000
272458278
1085891
3144712
1358980
992428333
12390143
0
0
4516476
120715
743201
203873
438308
45735
cleanning
HPC_output
565307664
9894586
255770095
1133078
3355958
1399313
972169348
12533768
0
0
4124966
96140
505619
220246
425224
31191
cleanning
HPC_output
588507310
9793549
266920760
1539691
3397184
1333561
1012695622
11827774
0
0
4146559
100323
567166
202242
404425
35823
cleanning
HPC_output
603343024
13865603
268536281
1485539
4903199
2407102
1049082806
10386274
0
0
5699287
107464
1077044
332640
1055142
43446
cleanning
HPC_output
611569740
12928458
295031798
1370836
4285211
2263722
1121766226
13829862
0
0
5792810
134041
578713
239662
799571
75712
cleanning
HPC_output
516136793
8883888
233249424
924113
2934774
1365725
898197001
10017879
0
0
4292752
123170
659968
239081
287732
13225
cleanning
HPC_output
549844095
8844937
244567628
953639
3013976
1404166
866079625
12019578
0
0
4931789
125005
641514
222100
519825
12121
cleanning
HPC_output
582012172
9671437
271092819
1526943
3336575
1751412
1052441268
12764538
0
0
5135119
137274
600492
215237
372442
36408
cleanning
HPC_output
494142386
10787208
231403732
1274212
2883693
1386477
914117046
9996956
0
0
4375750
126171
643804
248854
424467
24642
cleanning
HPC_output
484650863
9814292
224993213
910889
2692525
1347930
886067021
9980204
0
0
4638660
112324
509378
211843
339487
21068
cleanning
HPC_output
504291699
9279917
232082405
906111
2891689
1365851
885139025
9668711
0
0
4359966
101623
526887
249412
363894
15094
cleanning
HPC_output
586649540
9845755
265852022
1230711
3251748
1377236
938855035
12389231
0
0
4336814
106268
572487
250307
483138
55027
cleanning
HPC_output
536514065
8529677
239447512
1246692
2863290
1417999
850721093
9881433
0
0
4550622
87837
567621
222487
291755
9108
cleanning
HPC_output
636449391
9384467
278088317
1276031
2866843
1459211
965082688
11274569
0
0
4544776
144366
631350
211090
474433
71452
cleanning
HPC_output
526932774
9058219
245889469
982634
2706788
1451432
894326417
11447814
0
0
4607833
100979
938991
210090
372198
13568
cleanning
HPC_output
603138799
9790308
282025830
1104113
3011730
1494306
999057106
14569762
0
0
4590391
115533
604075
245623
523270
49584
cleanning
HPC_output
586152499
11234901
275388045
1355559
2916673
1574972
1009285001
14391995
0
0
4273897
94994
574403
240060
475945
55075
cleanning
HPC_output
578322454
11006157
276598457
1264209
2873631
1487391
1014487664
13715466
0
0
4373408
103241
574165
246492
462959
57399
cleanning
HPC_output
510631264
10930109
236322791
1069524
3053031
1454179
933951176
15121711
0
0
4293900
135957
590597
246887
430396
50124
cleanning
HPC_output
634941056
8953648
291938335
1239299
3171763
1561077
997073274
14224965
0
0
4798609
150217
739091
243254
442842
61638
cleanning
HPC_output
603741307
9940610
270691764
1509226
3014956
1385675
988109462
14747577
0
0
4550121
77854
588945
243167
471219
37474
cleanning
HPC_output
617455300
9724381
289074514
1488278
3415491
1392699
1010630013
14111480
0
0
4507120
121138
785201
197606
340051
12500
cleanning
HPC_output
510039553
10103107
235614463
1185253
2993136
1370431
893032104
11595442
0
0
4208917
94626
842389
252359
322440
15627
cleanning
HPC_output
629541109
11151608
277125136
1703425
2799870
1255772
987999492
17094711
0
0
4812489
110371
519408
183989
501107
14377
cleanning
HPC_output
522923067
9397031
236239151
1248654
3101927
1381798
873804805
10502974
0
0
4462658
125877
521592
203835
328077
10736
cleanning
HPC_output
535040134
8892342
241201316
1353183
3291302
1572276
887340974
9432867
0
0
4716451
104121
558237
220572
307828
10344
cleanning
HPC_output
600422778
9632824
265716601
1027129
3037551
1418151
956378808
12056145
0
0
4658036
129285
575492
231083
479032
60832
cleanning
HPC_output
494705881
10569288
227223775
1137867
2701633
1261318
890271003
9561637
0
0
4083254
93851
555845
260527
439335
22370
cleanning
HPC_output
518540867
10017688
223798430
1139167
2835247
1373916
873417441
9792629
0
0
3998452
96778
559788
238427
341375
15483
cleanning
HPC_output
525585397
9389275
236027993
1143864
2670497
1263089
871837493
10228056
0
0
4379520
146053
539793
219819
299105
10880
cleanning
HPC_output
525776560
8769690
241408964
1030181
3173420
1509405
971103689
17354881
0
0
5068908
140639
763902
231859
356126
9869
cleanning
HPC_output
498558686
10593746
229231977
1177416
2812998
1288950
915578750
12832858
0
0
4325830
102182
544366
238049
393570
21793
cleanning
HPC_output
594907983
9834685
269623161
1399451
2761532
1309686
997092268
14847533
0
0
4824485
122190
526483
221220
415370
20414
cleanning
HPC_output
610170773
9826119
268819879
1215435
3156045
1472244
992501988
13938800
0
0
4453589
123913
525033
226673
470629
62966
cleanning
HPC_output
646567328
10791379
293641291
1468643
3189206
1666745
999886275
15803917
0
0
5083576
141881
774539
246298
696426
84748
cleanning
HPC_output
619628970
11493426
269439773
1711845
3536663
1856084
1064528867
14405646
0
0
4565404
113571
630824
211688
669109
62494
cleanning
HPC_output
639429187
10138464
284502772
1544304
3072096
1491150
989652996
15782495
0
0
4247594
127170
535753
235058
460560
69169
cleanning
HPC_output
633230111
9224982
288504573
1140125
3244837
1757734
1007667170
14171895
0
0
4548549
106459
873296
225380
409549
51058
cleanning
HPC_output
6649972
845029
4004029
59521
47662
18610
18672837
2272461
0
0
125638
41991
80793
33119
157379
15255
cleanning
HPC_output
584810291
9499790
279153964
1436513
3036280
1546705
1008708480
12326260
0
0
4736848
116753
558813
200235
431769
43452
cleanning
HPC_output
582729655
10075613
261265254
1184745
3018817
1329853
956304807
12528566
0
0
4374406
128558
556665
252407
493685
39525
cleanning
HPC_output
513721351
8952752
231312158
931894
2887325
1324029
894010343
9883362
0
0
4322238
101633
815444
261672
340905
11992
cleanning
HPC_output
528500260
8459921
245143882
974657
2957929
1415872
866041913
10987907
0
0
4795626
124890
727053
228182
278689
10375
cleanning
HPC_output
569614492
10244075
260626635
1455196
3468091
1394047
1017369084
12488140
0
0
4092078
97329
538348
205278
374462
42458
cleanning
HPC_output
607848090
10954047
272632113
1331189
3023859
1435102
969645991
11389968
0
0
4314366
106807
582628
282481
552902
71888
cleanning
HPC_output
626567329
10459353
270198454
1435162
2723677
1351908
966674140
10999994
0
0
4334791
115188
861232
249926
460111
69305
cleanning
HPC_output
643446340
9354752
284469909
1285769
2903520
1608607
960481083
10653186
0
0
4444333
113955
872615
261987
499180
70002
cleanning
HPC_output
585381169
9889805
276153073
1049113
2884841
1366794
986478887
12406574
0
0
4649585
130318
776541
254863
506392
40229
cleanning
HPC_output
518620089
9001049
231281830
1063767
3028308
1330631
888400062
10468254
0
0
4154294
111144
492025
244601
316017
12766
cleanning
HPC_output
526298222
8534207
243169732
954261
2711398
1319463
895937514
9844805
0
0
4638983
118998
812107
229412
314505
12038
cleanning
HPC_output
602944381
9764527
282116198
1066374
2889983
1660454
973758121
11575470
0
0
4481042
70961
757586
237414
524754
47473
cleanning
HPC_output
585254206
10696998
274964981
1094818
2883650
1492787
979416446
11809941
0
0
4595249
105457
557993
230941
499365
60593
cleanning
HPC_output
495768313
9355388
227418696
885486
2641971
1316472
875298692
10289278
0
0
4618888
103665
733681
235718
421910
19468
cleanning
HPC_output
520966653
9332802
242166810
979434
3002611
1392917
852120246
10457954
0
0
4708872
138470
513055
200441
293004
13740
cleanning
HPC_output
510935406
9043886
228387567
908099
3145998
1315894
893104301
9813665
0
0
4080884
120607
556259
238235
302489
12211
cleanning
HPC_output
606211769
9662549
277880440
1211726
3191568
1622025
990363133
12081367
0
0
4294038
90699
827246
236195
409162
15995
cleanning
HPC_output
582883345
11023338
271606822
1223123
2878582
1425608
997664718
12239149
0
0
4420848
102617
569292
235838
498395
61337
cleanning
HPC_output
524209236
9692897
233265652
1438629
2780674
1232583
860978650
9868045
0
0
4268963
125282
528168
207079
298461
11205
cleanning
HPC_output
606961392
9380144
270495387
1178409
3215999
1486257
936953724
12866746
0
0
4735335
105398
590186
213495
464632
25261
cleanning
HPC_output
574994879
9478864
271367250
1428996
3083663
1519180
1018444856
12406154
0
0
4693944
124498
556147
212611
414242
38923
cleanning
HPC_output
579216329
10567842
272690166
1251802
3096305
1579509
988120587
11663435
0
0
4185930
93110
591992
280701
536033
27550
cleanning
HPC_output
646285758
9438573
284235238
1405567
2841421
1528874
957015479
11524430
0
0
4762248
158274
856196
240931
526613
68221
cleanning
HPC_output
529447658
8251935
240833298
973023
2725084
1351269
882259743
9827613
0
0
4666761
129078
692529
213711
309382
13704
cleanning
HPC_output
527522221
8976258
228941281
1153359
3199735
1372126
876530566
9528489
0
0
4153368
99313
535095
238359
294072
8372
cleanning
HPC_output
525309005
9245332
234552709
1327710
2901922
1293062
844152853
9919004
0
0
4265706
98755
541428
250837
322061
13397
cleanning
HPC_output
493833764
10565872
227964810
1192844
2858920
1515952
918205465
9631178
0
0
4749673
104047
590396
282359
469078
32664
cleanning
HPC_output
523914073
9155366
231103906
1462396
2833555
1397831
851889387
9634145
0
0
4133387
95032
540098
212433
313215
14671
cleanning
HPC_output
575652285
9837101
272261986
1013254
3201535
1597529
997108439
11985234
0
0
4328730
106103
563627
254252
500368
24647
cleanning
HPC_output
5866559
257277
4443513
38588
8129
-2093
-4430813
38689
0
0
9162
4977
-2920
-1252
-1962
2617
cleanning
HPC_output
90121747
487724
52024107
166631
305993
268469
116104030
2028216
0
0
145509
19739
14151
1466
109918
32880
cleanning
HPC_output
643532204
8983780
279555495
1273098
3058077
1544995
983151311
12214315
0
0
4605319
144886
555282
216622
481299
70814
cleanning
HPC_output
590346523
9360390
272381921
1400876
3527205
1426832
1032798460
12178248
0
0
4408440
125626
561024
221689
366305
36716
cleanning
HPC_output
536098380
9842072
237530091
1192631
2741919
1308769
910705401
11164536
0
0
4413669
135308
805497
258559
557132
12993
cleanning
HPC_output
498818287
9795609
223193885
946545
2995458
1453884
925748134
12305392
0
0
4283749
107579
549665
232492
359681
31189
cleanning
HPC_output
638694516
11290623
279379172
1483482
4033963
2152251
1036522246
12230569
0
0
4672665
130083
652409
246106
712153
69401
cleanning
HPC_output
609779456
10095157
264408915
1615696
2796143
1427364
983480349
11500254
0
0
4201021
123258
519523
211241
417071
68009
cleanning
HPC_output
607133291
10537670
272196870
1494369
3325874
1404785
943055894
14250039
0
0
4332464
124309
580455
219893
467080
61082
cleanning
HPC_output
540072623
8627665
248829801
1145747
3030006
1334884
853046607
12382357
0
0
4708916
96769
737668
228263
288927
7155
cleanning
HPC_output
626996923
9618985
278801266
1317740
3203994
1667172
984845635
13774814
0
0
4291483
117770
555259
201155
450559
39055
cleanning
HPC_output
609493506
10316471
267286898
1437711
2860622
1346747
994482367
13835372
0
0
4316858
110619
605929
232260
440791
46013
cleanning
HPC_output
525528487
9054083
237342367
976942
3022744
1358778
927105633
12191321
0
0
4437016
98952
806889
251941
385685
11720
cleanning
HPC_output
535225550
9058239
246381585
1304165
2882344
1575603
862007236
12008234
0
0
4569790
99268
503050
211952
385119
11541
cleanning
HPC_output
513872398
9458879
229602556
963606
2733572
1444255
894037770
12149574
0
0
4415744
95756
595984
222198
379027
8756
cleanning
HPC_output
603296965
10088728
261918206
1587856
3346896
1408644
990573883
13805821
0
0
4094221
98382
562420
230930
471612
49253
cleanning
HPC_output
616058255
10816123
271226747
1531710
4370822
1659691
1094281300
15020988
0
0
4620401
115340
553268
196747
623824
47010
cleanning
HPC_output
647669490
9095541
299728005
1215412
3182679
1737175
994447348
16550885
0
0
4556596
169361
731432
218601
408445
59808
cleanning
HPC_output
534314421
9328332
235586569
1230300
2628589
1383074
912709640
12028071
0
0
4160098
121066
493974
226860
304726
18563
cleanning
HPC_output
590386968
9769198
275614513
1193725
3033699
1434475
946296028
14323480
0
0
4848625
141213
573583
236052
513115
29460
cleanning
HPC_output
623675626
9594200
283716296
1313919
3195632
1449237
971568815
12981644
0
0
4479388
109744
805118
260824
604998
70492
cleanning
HPC_output
591658693
9476284
281018118
1445232
3291838
1418500
1015774201
14464431
0
0
4566478
120563
543946
204201
443519
48918
cleanning
HPC_output
517092167
9131294
242128980
978967
2716270
1278149
894743571
12223068
0
0
4721285
106518
967953
249419
347845
13040
cleanning
HPC_output
590820540
11322224
269662448
1385416
3286618
1422549
992967323
16009838
0
0
4294013
120330
559341
245947
485647
57091
cleanning
HPC_output
509045857
8579721
233674508
951241
2908338
1342986
897790553
9705465
0
0
4401072
98473
680403
222815
404732
11545
cleanning
HPC_output
80222365
392000
43033358
165606
177572
50185
119176221
2468268
0
0
137404
14333
26414
298
93554
25908
cleanning
HPC_output
600345693
10750570
266642889
1553219
2812421
1296389
964841878
11968058
0
0
4309107
75996
501470
180366
491467
47616
cleanning
HPC_output
582304961
10148412
273821735
1267558
3159048
1522590
982635375
11898027
0
0
4211293
73522
577454
268147
549543
55203
cleanning
HPC_output
526501150
8625737
239472127
995101
3031672
1314934
908402044
12538769
0
0
4265820
129502
478492
222297
317511
13025
cleanning
HPC_output
536072758
9284518
239714215
1276051
3204614
1469436
852201450
11893405
0
0
4229476
101353
543017
231243
352964
16930
cleanning
HPC_output
638438733
9191210
277691229
1296176
3083575
1545747
1016962906
13524969
0
0
4342303
122512
553504
230400
473356
65370
cleanning
HPC_output
484086380
9903829
220377807
1007074
3143990
1450935
893708422
12054793
0
0
4107025
94559
545406
210654
343190
16572
cleanning
HPC_output
589645735
10244066
279255554
1222561
2914107
1317243
1001302002
12136612
0
0
4374589
80079
779327
222447
427140
38572
cleanning
HPC_output
519627984
9703971
231345494
1245508
3000856
1275622
889448859
11580172
0
0
4404686
120685
543074
242597
326557
15672
cleanning
HPC_output
-269474
-1038
-324859
-1058
-3799
2732
1660581
559483
0
0
38811
9956
11667
14997
10044
32
cleanning
HPC_output
635971151
9493882
288990825
1257819
3182595
1514552
977462544
13130410
0
0
4421697
98485
873232
245951
457939
35020
cleanning
HPC_output
595572728
10458136
288512294
1114341
2999370
1535470
992830783
14063117
0
0
4666676
137559
610814
264616
576454
60045
cleanning
HPC_output
513195661
9258876
231796962
960628
2989906
1316331
912199666
11695014
0
0
4372259
112989
811165
245434
369584
13760
cleanning
HPC_output
494206568
9632099
236714056
991171
2735553
1357888
904111799
13509104
0
0
4547654
93560
540104
230388
477753
13427
cleanning
HPC_output
114917
145980
2547376
63556
17493
25112
24224555
1984959
0
0
92548
6093
28139
12047
2341
150
cleanning
HPC_output
577290754
11824313
258772441
1216516
4368001
1978652
974119166
12185369
0
0
4362141
122542
873091
318814
605568
62749
cleanning
HPC_output
608278728
9961217
276749901
1195184
2819872
1374896
973256935
14226525
0
0
4743746
151850
536110
205658
563235
70806
cleanning
HPC_output
574555298
9606415
253439798
1290632
3512593
1481934
1055374258
14238254
0
0
4303369
101537
542889
212075
389175
27324
cleanning
HPC_output
646825217
11085028
289303219
1504514
3495084
1720917
990569821
13806646
0
0
4961499
120818
721296
223801
730351
63591
cleanning
HPC_output
598138935
10661467
273875155
1209099
2786612
1316615
957775511
14818141
0
0
4569644
126007
538257
205199
468809
36630
cleanning
HPC_output
528249895
8747898
246788457
994739
2714779
1370865
884427645
12835813
0
0
4767168
129402
477308
223078
426068
18209
cleanning
HPC_output
584307279
9896809
263672641
1052665
3070618
1408398
982187920
14687948
0
0
4321839
133001
535774
207626
447998
15393
cleanning
HPC_output
621412840
10058243
275261386
1313835
3326611
1642472
997610365
13672866
0
0
4152149
131445
527579
256767
455921
55549
cleanning
HPC_output
526394522
9309359
245299162
1017854
2869841
1397478
851178317
12651173
0
0
4657144
113458
514829
220707
339124
14895
cleanning
HPC_output
527173737
10735295
239445266
1039248
3638666
1635657
958883018
13817241
0
0
4654730
101509
629278
318256
533446
21293
cleanning
HPC_output
578435107
10071222
260028478
1137297
3239258
1578512
966780931
11956024
0
0
4359569
97677
694468
217790
504357
49813
cleanning
HPC_output
522909418
9286630
244731013
986295
2747375
1363279
891464786
11796365
0
0
4596218
78502
916546
228227
418438
14151
cleanning
HPC_output
589183635
9901542
273974196
1120509
3175225
1449255
1018507437
14090909
0
0
4308313
121253
543364
235326
451474
52543
cleanning
HPC_output
563279352
10903897
260807392
1276767
2888307
1286801
1039983310
14327832
0
0
4376410
120730
581692
257273
450706
41866
cleanning
HPC_output
530218498
9277247
237768638
982471
3430552
1574654
869968206
12417225
0
0
4264106
138903
482804
234362
300159
13033
cleanning
HPC_output
638438974
9276082
281702428
1112519
3136858
1387206
1007394035
14106900
0
0
4370777
121293
506571
234276
481291
62004
cleanning
HPC_output
509301922
10290092
228215555
1289010
3098270
1361745
876579509
11635645
0
0
4039035
97569
566116
203023
352499
17758
cleanning
HPC_output
18287551
407331
5550495
61217
7871
-4580
2371695
2133369
0
0
-18174
7120
19489
5876
50415
22306
cleanning
HPC_output
554799085
10429219
264477778
1192127
2856857
1306287
1019188033
12392048
0
0
4574766
120236
528989
219026
375876
19491
cleanning
HPC_output
469000162
7720729
216427151
863432
2600838
1262802
785462464
8565158
0
0
3838993
108658
486539
200321
282409
13534
cleanning
HPC_output
513314439
9882882
220865444
1426883
2805060
1270963
886024152
9528087
0
0
4204580
97571
539830
210964
293815
16371
cleanning
HPC_output
97778091
1212549
35903300
314061
87189
6704
59740936
1437317
0
0
93670
20633
45116
1858
196477
62202
cleanning
HPC_output
736325220
16663407
298200010
1757881
4039261
2111445
1068306953
12022593
0
0
5590696
134197
832492
263405
1321957
89376
cleanning
HPC_output
603672335
10702081
278977837
1256389
3190932
1595361
982514387
13687216
0
0
4179222
103916
557867
242397
526584
72422
cleanning
HPC_output
587936474
10392477
269787967
1359545
3167924
1403666
1019419451
13952471
0
0
4191015
103791
569786
215592
438814
57116
cleanning
HPC_output
578531595
10052097
261016057
1497981
3554564
1417888
1047246996
13665423
0
0
4159820
108991
564929
213130
400632
36729
cleanning
HPC_output
600603921
10109963
268899958
1355257
3267537
1443237
1020962676
16095575
0
0
4614830
126659
551013
206500
496002
52254
cleanning
HPC_output
487938378
9865136
227518245
948228
2884685
1368541
891889452
11876453
0
0
4190618
80568
535861
228757
379833
13437
cleanning
HPC_output
595520497
11519868
268497556
1302266
3212612
1384011
1025527407
17502654
0
0
4671886
102080
581748
233342
512295
83189
cleanning
HPC_output
618872238
10177672
279436607
1493225
3652899
1733511
1062033356
16123690
0
0
5017084
142815
651850
235991
679806
37791
cleanning
HPC_output
624643834
9892331
287497307
1552284
2880468
1583899
981724395
12939239
0
0
4353752
106775
860067
253428
462584
70574
cleanning
HPC_output
556456693
10443017
271488040
1207351
2974773
1296770
1022766648
14459591
0
0
4565534
120128
566352
245033
493544
27794
cleanning
HPC_output
517827714
9826756
224056553
1355139
3027786
1337274
905940286
11394149
0
0
4093869
85883
534372
235910
318005
12162
cleanning
HPC_output
635538394
10551685
288431092
1346229
3119716
1453902
981419190
13347365
0
0
4382763
117346
841134
265800
446885
60287
cleanning
HPC_output
618668761
10199269
289400166
1279448
3023690
1464384
979521120
12944734
0
0
4672972
115189
846883
277332
489786
71978
cleanning
HPC_output
493929143
10456812
223938488
1121184
2665027
1310557
911144506
12388119
0
0
4294672
109939
544091
239360
394368
17866
cleanning
HPC_output
533985767
9784571
248840677
1647010
3823774
1435383
961938862
14429445
0
0
4073659
108486
550178
234818
308000
13136
cleanning
HPC_output
527579162
9833814
241976684
1228361
3080155
1429845
914082075
11778774
0
0
4226492
101851
733384
244507
329373
13939
cleanning
HPC_output
530061669
9259030
242282006
1021227
2921873
1369126
859060928
12685839
0
0
4710845
135568
495120
230621
299379
12122
cleanning
HPC_output
597114536
9546332
273125951
1077007
2963845
1379987
974888400
14663903
0
0
4680889
99302
573018
235511
479835
35671
cleanning
HPC_output
537822922
8904749
243524696
1182566
2955137
1405500
857563041
11808927
0
0
4378416
102771
530179
220724
301076
13656
cleanning
HPC_output
579285351
10119601
281587062
1246964
3255640
1441141
1044430951
13822786
0
0
4486140
110683
586700
259337
484242
52132
cleanning
HPC_output
540890190
9705758
239778614
1184642
2700895
1254502
897252343
12146915
0
0
4230049
105074
487642
219694
326578
18738
cleanning
HPC_output
505530285
9037152
234283852
957971
2775032
1427838
907985443
12072189
0
0
4538493
124539
613995
266946
390646
18458
cleanning
HPC_output
575375817
10594160
259417478
1292500
2915725
1316371
1027247188
14062862
0
0
4400835
121118
583111
214365
409458
26620
cleanning
HPC_output
608927168
9782634
268744754
1055010
3199477
1389687
967357421
13953912
0
0
4506703
123647
556510
205705
490982
60756
cleanning
HPC_output
528662472
8632739
241585407
1007740
2640854
1311166
906350678
11580865
0
0
4444078
108868
611353
247598
300426
13146
cleanning
HPC_output
624001437
10934445
279292813
1528544
3055702
1323418
987115962
14842691
0
0
4276312
104555
881710
251562
467999
18958
cleanning
HPC_output
534418519
8877378
237593197
993595
3097711
1385505
883976005
12556857
0
0
4387847
106129
492289
216377
351321
14159
cleanning
HPC_output
594179481
9826952
260484665
1398261
3470126
1425775
1019300623
14384386
0
0
4230453
128196
576053
255476
389999
33086
cleanning
HPC_output
59721246
441876
37662421
193184
385264
138350
164226814
4609902
0
0
172545
15151
26534
1700
83685
22901
cleanning
HPC_output
594706205
9499050
291236961
1142338
2946271
1459808
1012999936
14235213
0
0
4777280
125284
1059919
266944
449920
49867
cleanning
HPC_output
535258418
8953124
240932970
977273
3319118
1453856
893698442
13308225
0
0
4404924
118507
521519
241678
339761
14227
cleanning
HPC_output
567712812
10179888
271334378
1163398
3180491
1499939
1049336054
15817509
0
0
4461795
116597
566914
230296
460416
17474
cleanning
HPC_output
621044931
9230221
279095068
1330252
3013520
1402851
1008877838
14295289
0
0
4938456
141481
738488
220390
511730
71117
cleanning
HPC_output
489359883
10492481
231839040
1040368
2676834
1261090
896331627
11971098
0
0
4445327
110991
512690
231713
402417
32234
cleanning
HPC_output
530398427
9224326
237183663
1181102
2955089
1348439
899076448
11987504
0
0
4098561
107596
513318
234639
325623
13546
cleanning
HPC_output
1337831
186498
6245461
74793
92297
97750
29928584
2342297
0
0
57515
4906
-1783
-3087
-10490
268
cleanning
HPC_output
608183717
10436018
271054232
1570999
3242421
1381562
995598419
16240974
0
0
4158292
98419
578729
228855
512104
69591
cleanning
HPC_output
525702715
9111340
236894108
987538
3183492
1471101
891216473
12438113
0
0
4170633
115408
484951
234756
292733
13896
cleanning
HPC_output
613508777
10015703
267001330
1397671
3066977
1318206
958110016
11530720
0
0
4150552
109490
547300
251927
455861
25242
cleanning
HPC_output
533814798
9269383
231402717
1117775
2829872
1305395
895732688
10121502
0
0
4150398
111095
591414
223600
482498
16483
cleanning
HPC_output
528717084
8354651
241868210
956928
2977073
1398543
853391595
10227266
0
0
4624178
109366
563522
211603
288510
11924
cleanning
HPC_output
573961494
10313747
271071791
1059972
3124689
1547063
990025250
11683980
0
0
4138250
88643
535415
237468
451675
53494
cleanning
HPC_output
7480476
97671
2374560
44784
60539
43405
-1644754
31528
0
0
-18112
1447
11339
10963
33244
2296
cleanning
HPC_output
529376485
8168416
243101719
959116
2776788
1326935
876512416
10556273
0
0
4743256
112724
705079
228449
302578
9464
cleanning
HPC_output
491798619
9470411
235701668
918566
2670432
1320885
885528773
9886723
0
0
4638999
109287
712206
237749
425450
19031
cleanning
HPC_output
521631815
9058357
230485373
1128538
2728747
1341514
875221683
10351972
0
0
4137647
103289
504786
213115
307471
11279
cleanning
HPC_output
521951353
9142990
234928892
1120349
3077837
1287886
849824906
10905007
0
0
4252186
94901
541359
221606
317219
11817
cleanning
HPC_output
515440638
9386636
221931317
1196531
3392954
1348919
883260542
9703637
0
0
3983216
98162
530030
240260
304927
13220
cleanning
HPC_output
535583775
9964510
245219145
1325228
3121200
1279844
824170922
9812447
0
0
4106719
89247
548789
235221
316199
17859
cleanning
HPC_output
500883268
9556810
236192137
949471
2706252
1335921
887723683
11678402
0
0
4551252
98170
531191
236997
432548
18095
cleanning
HPC_output
635543549
8823812
290502497
1317796
3186543
1472696
999347193
14155289
0
0
4696729
137294
733614
243533
510024
55010
cleanning
HPC_output
507027078
9733042
245094091
1035765
2866385
1345563
919248480
14290428
0
0
4516717
101682
750590
210127
416380
29447
cleanning
HPC_output
541352321
9745772
230938104
1356141
3063858
1286635
885415070
12458112
0
0
4157184
105274
547467
268322
330567
6965
cleanning
HPC_output
596323914
10192084
266304547
1272403
3241203
1388216
965118916
14360980
0
0
4298442
118848
540807
242001
494718
54522
cleanning
HPC_output
531866298
9990567
240566627
1018228
2707316
1496259
896293439
12168076
0
0
4454064
94396
718239
230272
334664
34734
cleanning
HPC_output
606566972
9002820
275817759
1330515
3000939
1469598
996195213
14478686
0
0
4598503
114829
723344
238672
397338
15004
cleanning
HPC_output
631184846
9790840
293439428
1341734
3099662
1419246
967488794
12264579
0
0
4639995
106754
841855
251768
538785
69542
cleanning
HPC_output
641804342
9678504
283850946
1322392
2867122
1322220
987148498
15008889
0
0
4624614
130529
741619
223636
488241
69593
cleanning
HPC_output
541529538
9389677
248172358
974594
2750805
1355512
889447579
9876928
0
0
4647207
120996
1012872
263712
380277
27332
cleanning
HPC_output
503318583
9417833
227452953
905910
2652199
1363479
868471877
9986975
0
0
4538434
92785
533786
218174
376937
15116
cleanning
HPC_output
616568003
10209700
271011277
1366842
3092784
1306506
954542376
11183532
0
0
4142780
92821
632806
248321
489975
68392
cleanning
HPC_output
610538021
9685526
276143085
1051866
3260232
1620766
994140466
12107191
0
0
4220820
93475
793643
254975
384849
13991
cleanning
HPC_output
619811537
9772729
283764051
1239953
3256674
1574073
982632472
12060641
0
0
4234776
104345
659858
252389
392211
52989
cleanning
HPC_output
567533150
11818909
242553455
1490925
2716294
1587362
906035182
9829479
0
0
4298333
77868
565473
210276
640631
33151
cleanning
HPC_output
516617952
9027822
232355980
1158834
2454945
1295296
886505429
10312333
0
0
4130764
94737
510061
217517
315555
13841
cleanning
HPC_output
580176779
10208278
272917878
1157447
2541193
1334576
1002596061
12108729
0
0
4515833
92605
519273
193420
407995
51390
cleanning
HPC_output
605146613
9804546
269209743
1289931
2747276
1357724
985770826
12577135
0
0
4517736
140501
584287
205358
524604
74604
cleanning
HPC_output
562801505
10538038
271960951
1176330
2410634
1249295
1007148827
11715980
0
0
4416385
98183
567835
244074
516646
93449
cleanning
HPC_output
564338213
9307844
258012310
1042135
2522527
1447812
1038470966
13930070
0
0
4967245
131873
802260
251958
496790
43015
cleanning
HPC_output
584665853
10129211
278438135
1136269
2494040
1327822
1006737150
12715884
0
0
4637266
115913
771635
248033
558799
72298
cleanning
HPC_output
516339025
11286642
247477521
1425846
2715302
1584628
920648221
12518845
0
0
4597169
111602
964000
286353
747583
56085
cleanning
HPC_output
368296752
5409856
170957397
873146
1677123
690573
572920476
11632834
0
0
2779336
82967
382906
160079
292270
32240
cleanning
HPC_output
518257569
9058816
231627659
1171512
2349392
1364856
865928989
10711794
0
0
4267644
113831
521555
209889
301959
14232
cleanning
HPC_output
502148677
9582153
233407505
954683
2316573
1454373
899190089
11308757
0
0
4504178
117627
728913
248037
371869
21704
cleanning
HPC_output
538501509
8439828
247940501
995976
2332859
1290282
906166156
12362993
0
0
4558537
105842
680668
208484
312144
11766
cleanning
HPC_output
603729615
10261331
259748835
1548354
2762514
1262506
1027585314
14205438
0
0
4289322
106211
615951
264944
398658
17949
cleanning
HPC_output
422059186
7695585
194340399
879802
2054116
1079613
710095086
10408246
0
0
3137487
77413
398821
173778
220738
11589
cleanning
HPC_output
563586436
9526674
253665894
1063560
2607707
1354629
882582779
11969666
0
0
4357173
84358
558742
292570
387307
20363
cleanning
HPC_output
536127430
9370543
237313619
1240167
2254037
1275726
907960092
11803487
0
0
4265908
121044
565352
237001
297117
10862
cleanning
HPC_output
624010260
9591370
278605114
1488314
2710018
1400437
1007062217
13722761
0
0
4329783
106550
551182
233956
462859
53789
cleanning
HPC_output
78342798
1448317
34746257
177490
252751
154591
124508413
3643463
0
0
398229
21984
84872
30510
52362
16455
cleanning
HPC_output
527227548
9032182
236097693
1028933
2783684
1339715
844115498
10558954
0
0
4162768
104932
521691
250724
282839
13313
cleanning
HPC_output
494166754
9187854
228431263
890713
2156632
1327911
884873656
10095850
0
0
4502109
105767
711456
228176
370361
16187
cleanning
HPC_output
95793263
2601628
38366470
248721
466891
159136
96515975
2021304
0
0
145395
11802
46884
11183
204721
46570
cleanning
HPC_output
634857242
9795790
273789467
1278014
2645143
1444038
983305887
11046769
0
0
4263870
114838
555684
203834
451857
72417
cleanning
HPC_output
644225788
9030806
282580253
1289516
2377757
1584213
957829112
10557859
0
0
4502600
118330
672447
261954
449342
68568
cleanning
HPC_output
612625237
9389425
278107800
1145695
3073696
1652515
988546186
12169914
0
0
4161651
104289
593095
278971
388000
67392
cleanning
HPC_output
522124447
10222851
233036308
1227353
2380107
1281244
885832829
11666333
0
0
4194917
125107
507487
226766
297335
22384
cleanning
HPC_output
535249087
9889088
235016135
1239706
3016599
1358077
889941285
11177900
0
0
4012229
100679
570112
208144
287669
10202
cleanning
HPC_output
604987863
10225058
278792564
1347699
2709105
1451995
996914086
14188849
0
0
4286960
101150
836170
239083
433463
66475
cleanning
HPC_output
631466800
9208376
292456452
1344609
2762976
1375050
971721371
13170430
0
0
4736975
132365
1009477
267807
491134
68140
cleanning
HPC_output
94704414
761712
39126876
237213
179670
77158
150512164
4811561
0
0
220668
28279
88044
7056
93931
27179
cleanning
HPC_output
562586699
10671097
266834621
1091462
2796010
1446160
1012311337
12781773
0
0
4142198
105788
577409
256915
431245
59576
cleanning
HPC_output
570060606
9233285
269981614
1079166
2622709
1364728
1017463496
12268097
0
0
4561468
117085
661759
239761
455726
43238
cleanning
HPC_output
580415961
9370244
255463745
1284052
3124919
1366130
1030374682
12397562
0
0
4206157
120122
601340
230719
368587
32509
cleanning
HPC_output
493566303
9449020
224415965
904539
2509984
1295702
896608956
9563536
0
0
4319474
118968
568281
258966
362719
18484
cleanning
HPC_output
627047094
10062883
272860581
1498068
2595158
1272343
954707081
11314151
0
0
4190938
113647
591458
259013
437713
21234
cleanning
HPC_output
572609572
10291716
271237747
1179473
2549558
1425834
1027431919
13867017
0
0
4709189
115387
554623
202040
422007
50619
cleanning
HPC_output
583379654
9669918
264269289
1208185
2619373
1430708
1004612760
14698361
0
0
4631370
132174
567962
204226
476934
52576
cleanning
HPC_output
570271427
10555082
245297379
1228991
3049345
1434823
910628905
13081077
0
0
4893767
89076
591160
218987
763860
31721
cleanning
HPC_output
532005187
9313078
245914412
1088634
2647954
1475277
908032551
14455946
0
0
4319722
121834
515134
231896
287712
9643
cleanning
HPC_output
524861629
10375116
233625843
1241655
2467789
1347473
884708781
9758146
0
0
4475624
106887
532682
200056
307616
30872
cleanning
HPC_output
558390202
10528189
269542517
1081475
2387474
1391626
1016874375
12695907
0
0
4817352
131866
589472
274140
477122
67388
cleanning
HPC_output
608224044
12537802
263519594
1240851
4094488
2375992
1015599826
11767681
0
0
4865235
107156
943357
232231
862271
23951
cleanning
HPC_output
507369985
9614513
243129304
1020580
2222287
1391589
917720233
13082653
0
0
4708574
97672
765812
238819
332633
15834
cleanning
HPC_output
625506705
9648044
281532055
1318133
2693321
1506514
969338581
13558929
0
0
4620237
126088
802997
242209
491057
66112
cleanning
HPC_output
529018102
8988942
248920556
1013817
2244851
1376312
893931076
13088808
0
0
4693662
126355
450443
215096
345769
14994
cleanning
HPC_output
572302400
9663677
268487012
1106499
2509901
1481303
1011406974
13710439
0
0
4661780
97505
734473
147050
495592
41015
cleanning
HPC_output
64325463
576896
30846523
140729
146832
55796
137772333
4582843
0
0
188939
17223
60524
8927
142482
39013
cleanning
HPC_output
537786476
8355309
245852653
991237
2279610
1314519
875299794
10454299
0
0
4848766
123931
666400
225523
314214
13298
cleanning
HPC_output
527894790
9148878
235161696
1158837
2421382
1460190
842374791
9610366
0
0
4151910
83893
520209
218709
297659
10150
cleanning
HPC_output
626778312
9675796
274199204
1289867
2535095
1392685
968666156
13262680
0
0
4567455
135849
539351
224071
428561
16479
cleanning
HPC_output
631646582
9840898
277155701
1312039
2668810
1419666
987635477
13817203
0
0
4290661
125811
568186
232875
474069
71766
cleanning
HPC_output
594957329
10028149
284662382
1095990
2539861
1551876
978439378
11231560
0
0
4426941
95919
614182
268886
478033
55226
cleanning
HPC_output
551134544
9793387
248918908
1160086
3058836
1736065
930639614
10717921
0
0
4835352
143156
678569
289025
477723
13911
cleanning
HPC_output
618510687
10325949
276551919
1113817
3059330
1633294
992798152
13019500
0
0
4289286
100567
586251
267105
505214
68133
cleanning
HPC_output
520599740
8587058
239051499
1025473
2622899
1352083
930229322
11902653
0
0
4308805
119015
526889
219152
278425
11856
cleanning
HPC_output
539765386
9485069
242185009
1241661
2618095
1435427
857340688
12132439
0
0
4319094
104421
523122
238015
271944
13275
cleanning
HPC_output
103453382
1366625
39195163
368686
160930
40757
85814882
3648663
0
0
108059
20775
50364
1688
190472
58820
cleanning
HPC_output
615873169
10317707
262966829
1171761
2742107
1382817
971006623
13552341
0
0
4427792
121707
597084
245088
493802
69572
cleanning
HPC_output
628895425
10512309
279419402
1461609
2972473
1521566
948446870
15703883
0
0
4304556
132571
581407
242500
426235
69947
cleanning
HPC_output
599415867
9883040
278454468
1116636
2649908
1386265
1008014186
13875509
0
0
4440779
112973
584887
251128
530756
65988
cleanning
HPC_output
586260063
11125930
275633490
1386811
2489818
1592741
1014667237
13881484
0
0
4243389
99053
569800
179543
480492
46952
cleanning
HPC_output
59547165
382875
30339442
171982
380931
145927
167531484
4914708
0
0
174796
26406
51842
-1662
75892
27113
cleanning
HPC_output
603830419
10391501
273223252
1255120
2342814
1320283
971692323
14487136
0
0
4670757
128443
533802
212953
496733
65646
cleanning
HPC_output
593697374
9399025
267455200
1327885
2761003
1490958
996940494
14458760
0
0
4225414
113613
606823
232446
366360
38607
cleanning
HPC_output
523189003
9554635
240884890
1173336
2236394
1327215
911981471
12272309
0
0
4469179
112721
616931
235557
339233
11801
cleanning
HPC_output
510005891
9529384
232993837
1214984
2400851
1329027
903321604
11544038
0
0
4193895
98501
859617
257480
347718
11413
cleanning
HPC_output
640405906
9963371
290976880
1503086
3112824
1436485
982003556
13567448
0
0
4107702
110620
687353
271780
417845
31036
cleanning
HPC_output
510351238
10143100
225372744
1289232
2407455
1341257
897969497
11167284
0
0
4199807
105174
562305
197287
299366
15879
cleanning
HPC_output
566857390
8460323
263750647
1030673
2565249
1313618
941631643
12496493
0
0
4690087
114415
720964
233267
297354
11781
cleanning
HPC_output
546026187
8480681
248941135
974526
2201796
1361768
858862730
10539327
0
0
4711942
109808
685209
201324
290399
12089
cleanning
HPC_output
488159328
9258172
226655688
946747
2409633
1319637
896774601
9067334
0
0
4345063
89422
566333
263557
359832
14657
cleanning
HPC_output
636069212
13914709
280563139
1825730
4278073
2126802
1109647970
18142180
0
0
5555951
122981
646219
249251
650534
19666
cleanning
HPC_output
980321704
29440655
424595374
3873226
8122496
4395712
1705272683
49388989
0
0
10316775
247912
1606443
276026
2656446
84096
cleanning
HPC_output
1133251220
35742733
458725481
4193527
10604554
5587838
1810917251
44067605
0
0
12351225
148163
1648089
256633
3901841
70218
cleanning
HPC_output
535719427
24256892
218516105
3077947
8686759
4684611
871627130
32198675
0
0
6611658
90175
1081993
53255
2952556
56498
cleanning
HPC_output
1198842112
34317485
516206448
4187752
8819333
4747552
1806875816
56505836
0
0
12483931
282750
1930484
297693
3652612
107389
cleanning
HPC_output
1084424403
29863308
456508492
4505374
9898116
4934980
1820762294
43393743
0
0
10637866
260774
1548378
317741
2716811
134022
cleanning
HPC_output
1176791822
39381214
458833183
3921896
10757570
7231518
1763882447
43462458
0
0
13793942
242770
1948288
340021
5489327
105110
cleanning
HPC_output
899061726
23615074
367653673
2975258
7700351
3300070
1478272964
30282655
0
0
8628482
241974
1618775
367187
2442148
83427
cleanning
HPC_output
1009613787
30598125
461087316
4195161
8131703
4588588
1719892123
45201033
0
0
11143989
307944
1840454
322425
3476443
181448
cleanning
HPC_output
1035978378
29469976
455249811
4054759
8308590
4602948
1661293143
50898855
0
0
12383749
218965
1995982
315367
5060582
82228
cleanning
HPC_output
1026809782
28878012
432363273
3857689
7541852
4453280
1577867020
44666080
0
0
10149124
207953
1617121
291827
2711368
114801
cleanning
HPC_output
1126135656
36034386
450097125
3602560
9797425
7071799
1700682380
36220486
0
0
12304090
222101
1987303
310974
6162432
145939
cleanning
HPC_output
985932529
30819635
452014448
4063860
8732895
4877735
1743768059
44665782
0
0
11315837
349612
1643279
341145
2938460
188156
cleanning
HPC_output
1264577646
47155611
502931551
4795282
14114457
7938817
2068114866
41615760
0
0
15722781
328996
2035017
406307
5923727
166724
cleanning
HPC_output
1122874415
35470704
482640068
4394367
9240722
4583947
1692141325
51484776
0
0
10936979
226314
1692314
314383
4512978
145012
cleanning
HPC_output
1198589775
32678017
547373240
3971794
11187085
5932956
1700723375
46928453
0
0
10986036
284649
1846503
338401
5716111
169826
cleanning
HPC_output
979897628
29152381
407152329
3211859
7898277
4655612
1462711940
36941195
0
0
10874073
201834
1764634
309845
4553403
186329
cleanning
HPC_output
849279907
22990949
350154469
2390655
5830395
3404449
1334358913
31218956
0
0
8524176
197986
1594881
305394
2744246
143804
cleanning
HPC_output
1104518612
33477765
468082058
3820160
9498134
6228027
1653753053
40872555
0
0
12651922
209540
2167418
329066
4163262
56605
cleanning
HPC_output
1129788141
36520036
468384865
4352155
10781948
6225137
1869864631
48532459
0
0
12082889
389063
1552878
369644
4747733
145384
cleanning
HPC_output
1155208954
34163214
479707393
4580751
10669421
5043135
1825029360
54353138
0
0
11804216
260592
2074636
340438
4403076
153848
cleanning
HPC_output
1154668284
36147713
492990772
4357684
10915783
5871572
1937160182
60831432
0
0
13151590
344350
1938412
341825
3364420
163142
cleanning
HPC_output
973117434
32423207
433082492
4081421
7185361
4095118
1523022071
49298317
0
0
12193864
193735
1907555
312403
2848953
78687
cleanning
HPC_output
1255861108
41039574
525273595
4748503
11512435
6504850
1869406072
44065678
0
0
13058051
563929
1874300
385006
6847412
268072
cleanning
HPC_output
1219009934
41785410
468602905
4423283
12800334
9060241
1791027399
39622621
0
0
15803563
228495
1938446
356629
5597805
114261
cleanning
HPC_output
1242540478
44621938
510478002
4130481
11264934
7924777
1861397594
44166651
0
0
13571278
317279
1863109
341956
6136035
214418
cleanning
HPC_output
1236885218
38607713
485024772
4091211
12866904
8794830
1837206639
48622733
0
0
14783953
204316
2231274
308645
5237417
75576
cleanning
HPC_output
1182558945
37511505
515071101
5133820
11073845
6745256
1809996661
52206122
0
0
13507805
339264
1895552
335059
4292148
199240
cleanning
HPC_output
1197101832
41054004
473227691
4531638
12506359
8087539
1885225778
54450578
0
0
15893977
506192
2257763
602811
7119668
367868
cleanning
HPC_output
928996805
40777102
323221876
3572826
12316295
9540014
1245681386
34957644
0
0
10907445
253163
1235116
154146
12137280
151797
cleanning
HPC_output
1300463282
48407309
534102904
4828285
12979451
8538766
1920679530
46508368
0
0
15621706
421312
1669459
381772
6574035
280596
cleanning
HPC_output
1165245372
38617155
460399846
3866817
11550109
7906730
1731522577
41352981
0
0
13472866
274418
1849048
327261
5136231
113075
cleanning
HPC_output
1236216142
40736513
504368228
4253709
14044152
7891214
2038491752
46707909
0
0
14219734
377760
1979794
401970
5596495
207189
cleanning
HPC_output
1390015446
51772168
509581036
4199490
16887082
10243850
2015919233
35113790
0
0
19529614
243165
1953500
383348
10502766
134023
cleanning
HPC_output
1219098112
43777944
465138375
3779905
13494835
7842095
1876851079
30966768
0
0
14011043
320729
1535622
373818
6570342
176774
cleanning
HPC_output
1512886312
62083287
567224857
4021738
20046602
14832962
2105255859
38265106
0
0
26323642
1043588
2322253
482078
12920701
582998
cleanning
HPC_output
1279954936
44170101
531623357
4022777
12171528
8179415
1896620924
44978928
0
0
16788909
581094
1901351
526173
8589669
618735
cleanning
HPC_output
1015712114
27909489
486941680
3894867
9157078
4945867
1854362537
39460156
0
0
10944357
889302
1905193
416551
2943440
957767
cleanning
HPC_output
1292173889
40455677
556393101
4069336
13245431
8123487
2038937808
53486738
0
0
18747296
522011
2161274
520972
5865832
285301
cleanning
HPC_output
1352144250
49072903
521797076
3878572
18826242
12178259
2016554944
41835783
0
0
24901463
608873
2176084
426970
11986078
484161
cleanning
HPC_output
1004652216
27583005
433568248
2613497
6792213
4392176
1478137156
39965171
0
0
9844137
421561
1139636
326603
3492763
492738
cleanning
HPC_output
717941448
38312755
248586767
2823941
11091221
9455247
1074267515
17541926
0
0
14219368
282940
1072394
320861
8231065
327030
cleanning
HPC_output
1117946325
44095003
415847621
3854265
13503751
10955284
1732819418
37166295
0
0
25115883
227772
1453850
380937
7844428
162324
cleanning
HPC_output
1295740577
44074196
521817224
4193173
12228459
7147354
1840747467
55507303
0
0
15009126
557072
2199119
641245
6190900
388230
cleanning
HPC_output
1333237568
44851186
549081427
4264613
11626552
7606308
2074901324
50651980
0
0
16347568
595626
1751152
381003
10573140
761695
cleanning
HPC_output
906707327
35234857
380045206
3152082
9673762
5015570
1426822246
44193761
0
0
12921657
494957
1255513
457716
6558995
564864
cleanning
HPC_output
1153525184
31598728
502567981
3173276
9479428
5804628
1769668937
51297150
0
0
13858335
623722
1708285
431976
5405018
1177592
cleanning
HPC_output
1094812236
29517088
529181620
2752987
10103942
4691115
1769977329
51736547
0
0
12416063
1321092
1564495
676384
4417533
1358807
cleanning
HPC_output
1213087585
40039137
547685803
4054636
11770501
8516392
1979849661
59909603
0
0
15983626
1214074
1644311
544012
11340125
1269268
cleanning
HPC_output
1053612571
27065689
517521322
2532567
8606205
4850226
1633271379
51036739
0
0
11978007
748008
1141028
418463
3780663
1248810
cleanning
HPC_output
1045415831
28081553
530368681
2953223
8834458
6388078
1678147083
52163199
0
0
12697091
1005602
1235925
416350
3720053
1265272
cleanning
HPC_output
872378147
24097833
435214577
2239603
8438540
4983569
1480619871
34394674
0
0
10919125
968782
1252257
527660
3224509
766950
cleanning
HPC_output
1003118878
19788807
515464623
1915990
5776891
3506601
1569929392
56517239
0
0
10791444
1076523
888048
322828
3947584
1414636
cleanning
HPC_output
997089255
23768119
479294560
2107639
6277294
3070134
1571928796
62419654
0
0
11017561
1111421
1237919
442685
3099447
1327332
cleanning
HPC_output
684088940
12038159
330732667
1647955
4364045
1886939
1241772472
19884333
0
0
5896474
601436
823083
257892
762765
382614
cleanning
HPC_output
1051394310
25496496
538225174
2539823
8120231
4211297
1957500850
58822679
0
0
11295586
1031874
1243962
473953
3457964
1623735
cleanning
HPC_output
878764162
21908585
429448534
1929826
6231041
2360809
1386196483
65373767
0
0
10156415
768137
954432
349254
5323938
1272258
cleanning
HPC_output
721601314
18130543
289599493
2029454
5309066
3246007
1146207568
16246897
0
0
8905845
466788
1025611
374387
1878553
441602
cleanning
HPC_output
925968940
18956480
471814976
1853616
7663207
2641006
1751594611
50481644
0
0
9158647
632877
916281
360537
2386299
686465
cleanning
HPC_output
968567894
23782912
516755066
1938927
6647157
2512226
1597862730
70660921
0
0
11029718
1044579
1160721
445537
3344719
1548861
cleanning
HPC_output
1023839977
28443761
506676032
2399255
8542275
4442376
1599481810
60794170
0
0
12181566
1283597
1153222
451526
4226651
1418343
cleanning
HPC_output
894366341
19061096
457571377
1703204
7377147
3824429
1480103467
55561656
0
0
10161456
1277423
1041562
381712
3155449
1556470
cleanning
HPC_output
986557621
24610431
511487876
1971262
7733209
3913047
1595461125
65850395
0
0
12628711
1791536
1268333
526755
3727307
1691520
cleanning
HPC_output
965818746
25496675
506395878
2347921
7403431
2869298
1617587079
75674365
0
0
11645558
1409870
1012269
467727
6594350
1661635
cleanning
HPC_output
1175200933
31457398
572159549
2748865
10215827
5826365
1942017472
67685619
0
0
16841568
1373734
1721332
495505
5550150
2412910
cleanning
HPC_output
939511470
24348831
455322857
2461941
8622095
3979755
1581296051
51208087
0
0
9924524
1176402
967984
420219
3549774
1710634
cleanning
HPC_output
1028341647
26686312
521779965
2319733
8206486
3294540
1697240774
70196305
0
0
12784426
1252455
1059236
569028
3660404
1852458
cleanning
HPC_output
873155865
24221459
438004094
2003271
6928981
3030924
1460957664
53597910
0
0
9839731
1117243
1025309
455495
5318772
911306
cleanning
HPC_output
939045430
22630710
474438139
2346272
7444602
3960579
1598411374
51082917
0
0
11166032
1023212
1053692
514958
3744017
1665784
cleanning
HPC_output
1261644000
41474052
567668400
2983832
12690379
7685754
1882287927
60140074
0
0
14879891
1246634
1631141
527821
9756702
1557933
cleanning
HPC_output
552338503
9801029
274997903
1111782
3128845
1552346
1143856803
12688929
0
0
5211839
402905
606485
355070
491489
42345
cleanning
HPC_output
626176215
11018897
302195364
1305498
3560347
2000171
1005770001
12846706
0
0
5419471
661729
576182
254554
1350752
726631
cleanning
HPC_output
646282401
13992754
309353744
1302509
3604946
2005032
1170189030
25091560
0
0
6161973
778220
751559
352184
2405557
726049
cleanning
HPC_output
772998299
22085119
333340109
2112768
6855745
3559098
1255474404
25710161
0
0
9368722
460262
969184
326982
2795687
625884
cleanning
HPC_output
1064364355
30298175
474578650
2853129
12967359
8614395
1741802543
50465646
0
0
14346426
861288
1380277
556811
8736497
838186
cleanning
HPC_output
945365987
24886295
464425275
2253410
6688124
3421385
1579836133
53679695
0
0
11817170
853953
1362143
453766
3904243
1315407
cleanning
HPC_output
1019814695
23344230
503236233
2399085
6798027
3824688
1640426479
55774397
0
0
11691337
1017860
1267667
507573
3547053
1241090
cleanning
HPC_output
930397879
22408036
471425090
2321665
7662501
3983079
1433796190
60630239
0
0
10372205
1368517
916877
399953
3565499
1673339
cleanning
HPC_output
1127381964
26488802
602418626
2545750
8802649
3941372
1792924029
75127672
0
0
14591032
1643505
1248177
579245
5061792
1748887
cleanning
HPC_output
989104974
25160770
510431717
2611580
7483598
2981089
1731220885
60271256
0
0
10780477
895819
1071786
391685
3876158
1938793
cleanning
HPC_output
729197696
18014350
362868149
1560135
5256085
2412743
1127987063
53360780
0
0
8709881
1045300
651932
315679
3193988
1362503
cleanning
HPC_output
981010375
23951016
499413754
2125195
8217140
4006714
1517195301
67249640
0
0
11689671
1231381
1108655
542188
3219650
1396114
cleanning
HPC_output
969107585
21881158
490767107
1956019
6928094
2970810
1504776670
66523469
0
0
11048013
1019688
1026285
394711
10060726
1593018
cleanning
HPC_output
492389906
15783810
273471330
1291137
4529661
1699409
904042254
53924846
0
0
6870973
835693
509620
171235
3638743
1768165
cleanning
HPC_output
880317605
23104901
434012887
2025161
7058257
2738365
1541708406
58019768
0
0
9738396
1166136
997348
379075
2823250
1369104
cleanning
HPC_output
421877520
14265126
276930123
830693
6005540
2961906
912186106
39765870
0
0
5543503
894412
500044
175990
2706184
1305080
cleanning
HPC_output
844381639
21612363
417280548
2019455
6070272
2813164
1433963646
53846694
0
0
9979072
739410
944774
320218
2810499
1025130
cleanning
HPC_output
602042267
9484791
273414932
1282594
2900239
1512824
976506355
12111460
0
0
4276319
92044
819906
261400
444718
58805
cleanning
HPC_output
589659255
9382256
283199666
1078812
2568920
1501892
958087786
12614830
0
0
4581950
110381
686587
215823
520823
52534
cleanning
HPC_output
502538293
9455920
216893990
919702
2459395
1373614
872298847
9505730
0
0
4093698
111711
562993
200825
333248
20875
cleanning
HPC_output
577672634
9657651
264038728
1050298
2280674
1432110
970073896
13706940
0
0
4772731
101534
797123
228571
423743
42944
cleanning
HPC_output
513460583
8894510
231356876
961377
2430310
1284422
870664905
9539591
0
0
4619015
101931
568549
251010
366355
20426
cleanning
HPC_output
600314044
10020469
264006857
1424677
3001946
1337570
959817034
11660169
0
0
4066092
113064
592641
211612
491108
58489
cleanning
HPC_output
609677295
10164617
269199670
1424126
2584853
1294867
921037575
11891983
0
0
4328954
112337
551248
234289
498005
70949
cleanning
HPC_output
641490043
9916351
276880100
1521850
2314881
1476522
959903028
11114250
0
0
4325388
84622
665515
238947
477372
70051
cleanning
HPC_output
599553643
9619291
273433360
1042267
2653973
1365585
972323209
12429019
0
0
4490020
123684
583546
264747
450372
47023
cleanning
HPC_output
619489287
9429241
280004800
1294125
2516143
1574477
951303596
12428866
0
0
4613853
125846
506829
209260
433642
52639
cleanning
HPC_output
493285802
9165431
230747837
924966
2241219
1372693
870812146
10336585
0
0
4535059
111733
813093
225210
385435
14742
cleanning
HPC_output
578977286
9400465
264831949
1103066
2388574
1359621
986980811
12082793
0
0
4412672
104456
771449
233228
422924
44706
cleanning
HPC_output
541639314
8774885
240978310
1234696
2476221
1365415
838658375
8577614
0
0
4157417
68036
566686
234544
328263
10480
cleanning
HPC_output
499078657
8644958
239256511
948654
2304711
1282211
874616235
10348038
0
0
4511285
104670
806067
207942
341237
13108
cleanning
HPC_output
525681384
8806725
233154335
1091559
2584741
1358546
848933853
9820687
0
0
4246987
79937
563374
197181
356552
11152
cleanning
HPC_output
50609295
131688
30417956
128322
251875
77915
166402660
3164528
0
0
214043
14753
24059
-2912
62633
16837
cleanning
HPC_output
567460549
10555726
256217856
1240943
2271245
1266245
972478790
12166353
0
0
4351304
116664
627418
223763
434225
40598
cleanning
HPC_output
566744009
9746830
259582628
1207315
2678055
1449454
1014031419
14824608
0
0
4535255
133310
573155
189581
429442
40867
cleanning
HPC_output
514390886
9669734
223465815
1060347
2749587
1420783
867435256
11889810
0
0
4004339
101405
573021
215529
315735
20119
cleanning
HPC_output
507073304
9627502
235457276
964581
2294456
1286690
873595147
12474515
0
0
4428025
107378
512150
203484
410363
38824
cleanning
HPC_output
544337370
9057751
243372655
1273320
2802250
1463207
860519344
10230419
0
0
4106182
98672
556717
213082
328339
14630
cleanning
HPC_output
491328077
8600376
221094598
920811
2495135
1260201
875432571
10055509
0
0
4421392
96984
551032
256074
373983
16498
cleanning
HPC_output
531021645
8592773
234230349
1195843
2605098
1391387
860207800
8845526
0
0
4262980
94146
545762
229489
345165
13092
cleanning
HPC_output
587195223
9500420
261351828
1294720
2857318
1337884
987281006
12587252
0
0
4408950
115449
569297
221376
410282
35407
cleanning
HPC_output
506389525
8951164
225365374
930281
2518978
1362504
881532039
9742650
0
0
4267117
102542
493489
242457
394215
17278
cleanning
HPC_output
527368024
8655574
239406978
1164593
2623880
1381978
854709495
9110169
0
0
4282187
96581
560746
205801
321458
17054
cleanning
HPC_output
856206825
20205940
346685886
2680565
5622549
2835938
1354796750
27274970
0
0
6970237
145677
982618
234709
1417778
66904
cleanning
HPC_output
1090665566
32936056
470075683
4170269
9329778
5116292
1689328905
50751681
0
0
11414139
198505
1837137
284300
3581270
53686
cleanning
HPC_output
1178582266
36502170
455673981
4538292
9988293
5403053
1757619044
48552553
0
0
11625855
190940
1983700
302905
3760724
74777
cleanning
HPC_output
1171172915
37173219
475568117
4324433
11458603
6507444
1893654750
47828662
0
0
13250141
242526
1861803
266762
5839663
113004
cleanning
HPC_output
993740765
30401108
462815849
4438735
7878642
4901622
1694215027
48861914
0
0
11505491
239666
1711242
329320
3293121
70787
cleanning
HPC_output
521506709
17566692
203094953
2609635
5207409
2854765
719545811
28685513
0
0
5310835
80219
1256161
67456
2651043
103573
cleanning
HPC_output
599737371
25658291
212662939
3019736
6401323
3363338
917797497
46437426
0
0
7401517
151122
1262842
105453
4603216
174967
cleanning
HPC_output
1147498728
38679616
469952074
4231679
11680417
6645994
1835109516
44416665
0
0
14251760
199258
2112807
342122
6875355
74400
cleanning
HPC_output
1070026304
33311239
450922207
3901549
9415237
5853546
1721647355
51497522
0
0
12807210
267712
1882860
403205
4223597
86987
cleanning
HPC_output
1250074072
40156602
516058144
4373401
15061323
9787684
2140847245
41928700
0
0
19018197
206561
1828195
343680
6273741
119541
cleanning
HPC_output
1206119829
35879062
519896379
4530490
10937618
5675493
2026391974
53397228
0
0
12386877
503649
2001805
393575
4196476
545023
cleanning
HPC_output
1058073669
34334919
488693767
4416225
8396414
4888791
1800472830
56193185
0
0
12263054
361958
2084317
408316
3473467
118448
cleanning
HPC_output
1060046688
33534827
478186764
3912207
8098164
4570830
1690928206
55185440
0
0
12375807
305713
1806838
453291
3129167
127052
cleanning
HPC_output
1002516694
32549815
439903356
4008174
9571806
5683858
1728787982
47645785
0
0
11344064
286493
1687636
315484
3592840
217226
cleanning
HPC_output
1131490975
33937425
501261800
4553844
12109432
6771606
1760372052
52404794
0
0
11657963
257207
1715368
391501
5049990
136422
cleanning
HPC_output
1238473580
42377978
480940171
4005068
11512661
9096351
1754711445
47210326
0
0
14641160
319728
1908778
363905
6511330
194041
cleanning
HPC_output
1251823490
48432209
490096674
4356235
14953259
7939639
1754679567
35282791
0
0
15078200
248233
1650119
292177
9554233
180388
cleanning
HPC_output
1182959766
39739109
502069768
5481774
10794472
6198167
1726464563
46338602
0
0
12846148
308888
2326366
683663
5647821
361667
cleanning
HPC_output
1137655183
38415098
475475870
4674077
9658533
5550126
1722916723
51746097
0
0
12859852
372463
1990428
350507
4441165
177163
cleanning
HPC_output
1111070080
35229848
466426240
4370984
10257869
5169346
1853012254
55067972
0
0
12591110
275499
2254379
408292
3970151
106463
cleanning
HPC_output
1083511592
38386843
478742079
4494434
8620873
5044258
1725307442
50594374
0
0
13359472
351173
2048179
374997
3816028
225759
cleanning
HPC_output
1160726081
38869561
512555599
4613561
9184654
5032823
1855710587
69021083
0
0
13653437
356648
1904236
437680
3043691
137907
cleanning
HPC_output
1080840363
36695376
459240180
3851764
10576086
6746967
1751531182
41356625
0
0
12791890
347590
2049380
381044
5380535
158291
cleanning
HPC_output
713995910
30102442
280773576
3537060
11954417
7763589
954925848
23787644
0
0
12048876
208834
1214307
133071
4149966
333896
cleanning
HPC_output
1271762824
47622782
507957110
4228004
12236033
6964080
1891621387
42195632
0
0
14837903
354509
1846472
376493
6280637
135556
cleanning
HPC_output
1271828567
39529161
531762093
4994087
11656193
7380354
1881235152
51562938
0
0
13714649
289263
2206921
402870
4497470
160551
cleanning
HPC_output
1118550115
34740823
510748640
4724877
9484148
5408306
1909604933
58665336
0
0
13060676
408827
1800414
401128
3981187
356285
cleanning
HPC_output
1405242596
53879704
569364387
5000798
13487168
8478798
2094508145
42058228
0
0
19934410
374694
2466893
514168
7573707
205207
cleanning
HPC_output
792968867
36595611
289543803
4016984
14444663
10605762
1086924855
26677930
0
0
15559127
171354
1404367
235676
5524787
178306
cleanning
HPC_output
601883460
27502207
230212008
2879537
8898178
5252749
928099534
42901398
0
0
9420271
343707
1396661
188571
4146832
233707
cleanning
HPC_output
1054429467
33480476
457373122
4096418
11444395
6528674
1720598193
40107938
0
0
12747007
341668
1539324
326070
4149387
185370
cleanning
HPC_output
1215732121
39626791
465146442
3894032
14003805
7517896
1806071146
40566750
0
0
15949588
404599
2250775
409642
5734797
174879
cleanning
HPC_output
1383765544
54096249
508485600
3604960
17423874
11523779
1883258102
28239490
0
0
22277623
371844
1746596
408834
10955003
252870
cleanning
HPC_output
1473634261
51444661
564739209
4805057
17332892
12468128
2075757492
34128122
0
0
26240791
341837
2081106
386121
10763457
215157
cleanning
HPC_output
1230498708
44472182
499165519
3535936
14491034
10264859
1928930376
35807241
0
0
15639791
791726
1834706
466514
9163855
437494
cleanning
HPC_output
1234249953
36308328
550698959
4463779
10071651
5086365
2028758756
56522681
0
0
14010111
849696
1956946
528728
5767655
620002
cleanning
HPC_output
1344005400
45165417
539653293
4650621
14214993
8800589
2052690130
51359452
0
0
18141240
511291
2117921
553072
6140914
541108
cleanning
HPC_output
1252063625
49702461
463780368
3716305
16166677
11625861
1921150047
29688743
0
0
19700032
555539
1839354
453712
11931589
589466
cleanning
HPC_output
813880085
31514087
369105467
2459548
10957145
5602047
1486870918
31937294
0
0
11740618
506582
1517559
289525
6148087
566968
cleanning
HPC_output
1200410356
42751787
433845050
3705528
13397203
9042654
1727663292
24314581
0
0
19832764
365021
1583005
537212
10535677
219217
cleanning
HPC_output
1454512493
56139849
573470457
4866351
17248860
12937608
2072427904
48833429
0
0
25978847
391300
2971933
513743
8703792
256977
cleanning
HPC_output
1199317165
40137292
504608808
3855312
12286500
8873419
1846106842
45952917
0
0
16189149
359473
2381657
415825
8800924
353444
cleanning
HPC_output
954706224
33544224
442281043
2714169
10671593
6085460
1646028602
56570197
0
0
12563617
872379
1283212
366874
4705818
1125192
cleanning
HPC_output
1158532492
30983026
531435713
2564473
8819177
5321439
1795648029
58001022
0
0
12668569
1395648
1609932
476843
5468334
1456666
cleanning
HPC_output
1284062582
45311128
549941814
3870818
14021856
11194758
1920965954
60024733
0
0
19444459
1165502
2031444
693437
8056939
1596191
cleanning
HPC_output
1227464721
34976289
615272483
3217704
9460518
5844645
1816473729
63422138
0
0
14565268
1187138
1597774
445441
4831907
1842379
cleanning
HPC_output
1450147090
41749663
673007242
3625014
14018821
7442843
2431696078
70500864
0
0
18018376
1375067
2004801
779710
7570161
2479513
cleanning
HPC_output
1167983435
31913363
620300500
2481127
7710692
4215044
1801808319
70102194
0
0
14313671
1345497
1355475
539055
8713643
1885983
cleanning
HPC_output
1265606847
34615833
666457806
2954975
11132690
4835899
2297196519
96500576
0
0
16906290
2076516
1619108
605312
10304778
2224770
cleanning
HPC_output
1326144426
34969113
669973143
3015642
10718447
4757038
2288157461
91582592
0
0
15971383
1895098
1440305
732723
6076354
2531359
cleanning
HPC_output
1039827028
26681313
558050745
2498901
7955543
3306701
1709219130
75435286
0
0
12763701
1599235
1415855
461952
7924756
2425637
cleanning
HPC_output
1249113831
36765358
612869648
2982467
10629526
4958901
2113714208
58676691
0
0
14112889
1102240
1756644
636264
6318019
1522143
cleanning
HPC_output
1080925956
27609842
563761314
2693948
9710017
4185171
1720697328
82249596
0
0
14440282
1912816
1321054
536182
6306578
3279461
cleanning
HPC_output
1157246489
34872021
560143082
2933334
10701888
5414228
1950330710
83390076
0
0
15340149
1373524
1376386
585047
4999471
1769840
cleanning
HPC_output
963482316
27714017
508865269
2197454
8846639
2993690
1889395354
73053846
0
0
12003743
1440612
1217748
629835
8619882
1829184
cleanning
HPC_output
494591962
19412851
262446672
1425516
7262099
3607575
832393699
39681730
0
0
8769696
929349
597708
216980
3362891
1246745
cleanning
HPC_output
857462375
27119105
453475093
2348435
9338789
2992598
1641965660
85370269
0
0
12977096
1785094
1215241
545425
8941427
1979637
cleanning
HPC_output
627970715
18390386
390944699
1468700
6799896
2256205
1293796037
58375271
0
0
8255022
1572635
698643
307617
4198575
2216996
cleanning
HPC_output
1235722393
29859161
671584525
2886895
9327970
4476660
1925133799
73543354
0
0
13681098
1575620
1299359
614752
5323865
2281060
cleanning
HPC_output
1154457585
37950057
532378797
2851683
12747662
9291959
1864461186
47423292
0
0
14650934
1105177
1207278
397421
5896299
1358982
cleanning
HPC_output
1048700254
26506675
527831117
2426446
8999063
4008800
1662134528
69767910
0
0
13520440
1627807
1307911
627160
3670179
1853442
cleanning
HPC_output
781900015
23693466
454763187
1742398
8135623
3155608
1328304922
78779869
0
0
12534621
1522594
880238
391037
5395668
2381925
cleanning
HPC_output
1361803020
52390619
562874711
3981168
17822865
14208402
2019431207
61890960
0
0
19292328
811889
1552613
426445
10482640
1255232
cleanning
HPC_output
1243915407
32797881
622866815
3432379
9904487
4565279
1993895825
65890622
0
0
13558170
1655955
1668698
565196
6080910
2752314
cleanning
HPC_output
1236790387
32597402
667836833
2455598
10730447
5062019
2203021443
82091131
0
0
15198088
2398223
1477033
580903
5459253
2640772
cleanning
HPC_output
1304937488
31835620
701586833
2838561
9765289
4368486
2138952489
92233636
0
0
17507861
2303235
1317193
656744
8452643
2766568
cleanning
HPC_output
1215782180
33823667
667430834
2644510
10159256
4919549
2174861851
86868056
0
0
16103856
2107159
1415470
555321
5720106
2664897
cleanning
HPC_output
1317823417
31009311
706372647
2940906
9629359
3493029
2305421532
81709319
0
0
14489114
1996880
1134255
462231
6003169
2788127
cleanning
HPC_output
1159858296
30393085
594203350
2465284
8564006
3274278
1881976391
80410752
0
0
13950634
1418217
1165638
544994
9853912
2294042
